/* -*- buffer-read-only: t -*-
   !!!!!!!   DO NOT EDIT THIS FILE   !!!!!!!
   This file is built by regen_perly.pl from perly.y.
   Any changes made here will be lost!
 */

#define YYFINAL  16
/* YYLAST -- Last index in YYTABLE.  */
#define YYLAST   3409

/* YYNTOKENS -- Number of terminals.  */
#define YYNTOKENS  114
/* YYNNTS -- Number of nonterminals.  */
#define YYNNTS  96
/* YYNRULES -- Number of rules.  */
#define YYNRULES  296
/* YYNSTATES -- Number of states.  */
#define YYNSTATES  576

#define YYUNDEFTOK  2
#define YYMAXUTOK   346

/* YYTRANSLATE(TOKEN-NUM) -- Symbol number corresponding to TOKEN-NUM
   as returned by yylex, with out-of-bounds checking.  */
#define YYTRANSLATE(YYX)                                                \
  ((unsigned) (YYX) <= YYMAXUTOK ? yytranslate[YYX] : YYUNDEFTOK)

/* YYTRANSLATE[TOKEN-NUM] -- Symbol number corresponding to TOKEN-NUM
   as returned by yylex.  */
static const yytype_uint8 yytranslate[] =
{
       0,     2,     2,     2,     2,     2,     2,     2,     2,     2,
       2,     2,     2,     2,     2,     2,     2,     2,     2,     2,
       2,     2,     2,     2,     2,     2,     2,     2,     2,     2,
       2,     2,     2,    97,     2,     2,   111,    17,    18,     2,
     109,   108,   112,    15,    82,    14,    20,   113,     2,     2,
       2,     2,     2,     2,     2,     2,     2,     2,    85,   110,
       2,    19,     2,    84,    16,     2,     2,     2,     2,     2,
       2,     2,     2,     2,     2,     2,     2,     2,     2,     2,
       2,     2,     2,     2,     2,     2,     2,     2,     2,     2,
       2,    12,     2,    13,     2,     2,     2,     2,     2,     2,
       2,     2,     2,     2,     2,     2,     2,     2,     2,     2,
       2,     2,     2,     2,     2,     2,     2,     2,     2,     2,
       2,     2,     2,    10,     2,    11,    98,     2,     2,     2,
       2,     2,     2,     2,     2,     2,     2,     2,     2,     2,
       2,     2,     2,     2,     2,     2,     2,     2,     2,     2,
       2,     2,     2,     2,     2,     2,     2,     2,     2,     2,
       2,     2,     2,     2,     2,     2,     2,     2,     2,     2,
       2,     2,     2,     2,     2,     2,     2,     2,     2,     2,
       2,     2,     2,     2,     2,     2,     2,     2,     2,     2,
       2,     2,     2,     2,     2,     2,     2,     2,     2,     2,
       2,     2,     2,     2,     2,     2,     2,     2,     2,     2,
       2,     2,     2,     2,     2,     2,     2,     2,     2,     2,
       2,     2,     2,     2,     2,     2,     2,     2,     2,     2,
       2,     2,     2,     2,     2,     2,     2,     2,     2,     2,
       2,     2,     2,     2,     2,     2,     2,     2,     2,     2,
       2,     2,     2,     2,     2,     2,     1,     2,     3,     4,
       5,     6,     7,     8,     9,    21,    22,    23,    24,    25,
      26,    27,    28,    29,    30,    31,    32,    33,    34,    35,
      36,    37,    38,    39,    40,    41,    42,    43,    44,    45,
      46,    47,    48,    49,    50,    51,    52,    53,    54,    55,
      56,    57,    58,    59,    60,    61,    62,    63,    64,    65,
      66,    67,    68,    69,    70,    71,    72,    73,    74,    75,
      76,    77,    78,    79,    80,    81,    83,    86,    87,    88,
      89,    90,    91,    92,    93,    94,    95,    96,    99,   100,
     101,   102,   103,   104,   105,   106,   107
};

#if YYDEBUG
  /* YYRLINE[YYN] -- Source line where rule number YYN was defined.  */
static const yytype_uint16 yyrline[] =
{
       0,   125,   125,   124,   136,   135,   146,   145,   159,   158,
     172,   171,   185,   184,   195,   194,   207,   215,   223,   227,
     235,   241,   242,   252,   253,   262,   266,   270,   277,   287,
     289,   302,   299,   323,   318,   339,   347,   346,   355,   361,
     367,   372,   374,   376,   383,   391,   393,   390,   410,   415,
     422,   421,   436,   444,   450,   457,   456,   471,   475,   480,
     488,   506,   507,   512,   514,   516,   518,   520,   522,   524,
     527,   533,   534,   539,   550,   551,   557,   563,   564,   569,
     572,   576,   581,   585,   589,   590,   594,   600,   605,   610,
     611,   616,   617,   622,   623,   625,   630,   632,   644,   645,
     650,   652,   656,   676,   677,   679,   685,   750,   752,   758,
     760,   764,   770,   771,   776,   777,   781,   785,   785,   853,
     854,   859,   870,   871,   874,   885,   887,   889,   891,   895,
     897,   902,   906,   910,   914,   920,   925,   931,   937,   939,
     941,   944,   943,   954,   955,   959,   963,   966,   971,   976,
     979,   983,   987,   993,  1001,  1008,  1014,  1016,  1018,  1023,
    1025,  1027,  1032,  1034,  1036,  1038,  1040,  1042,  1044,  1046,
    1048,  1050,  1052,  1054,  1056,  1060,  1062,  1064,  1066,  1070,
    1072,  1076,  1078,  1080,  1082,  1086,  1088,  1093,  1095,  1098,
    1100,  1102,  1105,  1108,  1119,  1122,  1129,  1131,  1133,  1135,
    1137,  1140,  1146,  1148,  1152,  1153,  1154,  1155,  1156,  1158,
    1160,  1162,  1164,  1166,  1168,  1170,  1172,  1174,  1176,  1178,
    1180,  1182,  1184,  1194,  1204,  1214,  1224,  1226,  1228,  1231,
    1236,  1240,  1242,  1244,  1246,  1249,  1251,  1254,  1256,  1258,
    1260,  1262,  1264,  1266,  1268,  1270,  1273,  1275,  1277,  1279,
    1281,  1283,  1287,  1290,  1289,  1302,  1303,  1304,  1308,  1310,
    1312,  1317,  1319,  1322,  1324,  1326,  1331,  1333,  1338,  1339,
    1344,  1345,  1351,  1355,  1356,  1357,  1360,  1361,  1364,  1365,
    1368,  1372,  1376,  1382,  1388,  1390,  1394,  1398,  1399,  1403,
    1404,  1408,  1409,  1414,  1416,  1418,  1421
};
#endif

#if YYDEBUG || YYERROR_VERBOSE || 0
/* YYTNAME[SYMBOL-NUM] -- String name of the symbol SYMBOL-NUM.
   First, the terminals, then, starting at YYNTOKENS, nonterminals.  */
static const char *const yytname[] =
{
  "$end", "error", "$undefined", "GRAMPROG", "GRAMEXPR", "GRAMBLOCK",
  "GRAMBARESTMT", "GRAMFULLSTMT", "GRAMSTMTSEQ", "GRAMSUBSIGNATURE", "'{'",
  "'}'", "'['", "']'", "'-'", "'+'", "'@'", "'%'", "'&'", "'='", "'.'",
  "BAREWORD", "METHOD", "FUNCMETH", "THING", "PMFUNC", "PRIVATEREF",
  "QWLIST", "FUNC0OP", "FUNC0SUB", "UNIOPSUB", "LSTOPSUB", "PLUGEXPR",
  "PLUGSTMT", "LABEL", "FORMAT", "SUB", "SIGSUB", "ANONSUB", "ANON_SIGSUB",
  "PACKAGE", "USE", "WHILE", "UNTIL", "IF", "UNLESS", "ELSE", "ELSIF",
  "CONTINUE", "FOR", "GIVEN", "WHEN", "DEFAULT", "LOOPEX", "DOTDOT",
  "YADAYADA", "FUNC0", "FUNC1", "FUNC", "UNIOP", "LSTOP", "CUSTOM_ADDOP",
  "CUSTOM_MULOP", "MULOP", "ADDOP", "DOLSHARP", "DO", "HASHBRACK", "NOAMP",
  "LOCAL", "MY", "REQUIRE", "COLONATTR", "FORMLBRACK", "FORMRBRACK",
  "SUBLEXSTART", "SUBLEXEND", "PREC_LOW", "OROP", "DOROP", "ANDOP",
  "NOTOP", "','", "ASSIGNOP", "'?'", "':'", "OROR", "DORDOR", "ANDAND",
  "BITOROP", "BITANDOP", "CHEQOP", "NCEQOP", "CHRELOP", "NCRELOP",
  "SHIFTOP", "MATCHOP", "'!'", "'~'", "UMINUS", "REFGEN", "POWOP",
  "PREINC", "PREDEC", "POSTINC", "POSTDEC", "POSTJOIN", "ARROW", "')'",
  "'('", "';'", "'$'", "'*'", "'/'", "$accept", "grammar", "@1", "@2",
  "@3", "@4", "@5", "@6", "@7", "block", "formblock", "remember", "mblock",
  "mremember", "stmtseq", "formstmtseq", "fullstmt", "labfullstmt",
  "barestmt", "$@8", "$@9", "$@10", "$@11", "$@12", "@13", "$@14",
  "formline", "formarg", "sideff", "else", "cont", "mintro", "nexpr",
  "texpr", "iexpr", "mexpr", "mnexpr", "formname", "startsub",
  "startanonsub", "startformsub", "subname", "proto", "subattrlist",
  "myattrlist", "sigvarname", "sigslurpsigil", "sigslurpelem",
  "sigdefault", "sigscalarelem", "sigelem", "siglist", "siglistornull",
  "optsubsignature", "subsignature", "subsigguts", "$@15", "optsubbody",
  "subbody", "optsigsubbody", "sigsubbody", "expr", "listexpr", "listop",
  "@16", "method", "subscripted", "termbinop", "termrelop", "relopchain",
  "termeqop", "eqopchain", "termunop", "anonymous", "termdo", "term",
  "@17", "myattrterm", "myterm", "optlistexpr", "optexpr", "optrepl",
  "my_scalar", "my_var", "refgen_topic", "my_refgen", "amper", "scalar",
  "ary", "hsh", "arylen", "star", "sliceme", "kvslice", "gelem", "indirob", YY_NULLPTR
};
#endif

# ifdef YYPRINT
/* YYTOKNUM[NUM] -- (External) token number corresponding to the
   (internal) symbol number NUM (which must be that of a token).  */
static const yytype_uint16 yytoknum[] =
{
       0,   256,   257,   258,   259,   260,   261,   262,   263,   264,
     123,   125,    91,    93,    45,    43,    64,    37,    38,    61,
      46,   265,   266,   267,   268,   269,   270,   271,   272,   273,
     274,   275,   276,   277,   278,   279,   280,   281,   282,   283,
     284,   285,   286,   287,   288,   289,   290,   291,   292,   293,
     294,   295,   296,   297,   298,   299,   300,   301,   302,   303,
     304,   305,   306,   307,   308,   309,   310,   311,   312,   313,
     314,   315,   316,   317,   318,   319,   320,   321,   322,   323,
     324,   325,    44,   326,    63,    58,   327,   328,   329,   330,
     331,   332,   333,   334,   335,   336,   337,    33,   126,   338,
     339,   340,   341,   342,   343,   344,   345,   346,    41,    40,
      59,    36,    42,    47
};
# endif

#define YYPACT_NINF -468

#define yypact_value_is_default(Yystate) \
  (!!((Yystate) == (-468)))

#define YYTABLE_NINF -295

#define yytable_value_is_error(Yytable_value) \
  (!!((Yytable_value) == (-295)))

  /* YYPACT[STATE-NUM] -- Index in YYTABLE of the portion describing
     STATE-NUM.  */
static const yytype_int16 yypact[] =
{
     850,  -468,  -468,  -468,  -468,  -468,  -468,  -468,    56,  -468,
    3027,    49,  1502,  1399,  -468,  -468,  -468,  -468,  2118,  3027,
    3027,    15,    15,    15,  -468,    15,    15,  -468,  -468,    51,
     -36,  -468,  3027,  -468,  -468,  -468,  -468,  3027,   -33,    58,
      -4,  1914,  1811,    15,  1914,  2219,    48,  3027,    27,  3027,
    3027,  3027,  3027,  3027,  3027,  3027,  2320,    15,    15,   169,
      13,  -468,     8,  -468,   -14,    85,    20,    92,  -468,  -468,
    -468,  3206,  -468,  -468,    86,    60,    88,   140,  -468,   203,
     204,   244,   218,  -468,  -468,  -468,  -468,  -468,    48,    48,
     208,  -468,   135,   136,   152,   153,   -43,   154,   161,    49,
     155,  -468,   219,  -468,   165,  2015,  1399,  -468,  -468,  -468,
     574,  -468,    29,   678,  -468,    11,    83,    83,  -468,  -468,
    -468,  -468,  -468,  -468,  -468,  3027,   167,   206,  3027,   174,
    1902,    49,   261,   234,  3206,   211,  2421,  3027,  1811,  -468,
    1902,   472,    13,  -468,  2017,  3027,  -468,  -468,  1902,   301,
     158,  -468,  -468,  3027,  1902,  3128,  2522,   242,  -468,  -468,
    -468,  1902,    13,    83,    83,    83,   423,   423,   309,   101,
    -468,  -468,  3027,  3027,  3027,  3027,  3027,  3027,  2623,  -468,
    -468,  3027,  -468,  -468,  3027,  3027,  3027,  3027,  3027,  3027,
    3027,  3027,  3027,  3027,  3027,  3027,  3027,  3027,  3027,  3027,
    3027,  3027,  3027,  3027,  -468,  -468,  -468,   351,  2724,  3027,
    3027,  3027,  3027,  3027,  3027,  3027,  -468,   295,  -468,  -468,
     305,  -468,  -468,  -468,  -468,  -468,   222,    22,  -468,  -468,
     220,  -468,  -468,  -468,  -468,    49,  -468,  -468,  3027,  3027,
    3027,  3027,  3027,  3027,  -468,  -468,  -468,  -468,  -468,   307,
     307,  -468,  -468,  -468,   271,  -468,  -468,  -468,  3027,  3027,
      45,  -468,  -468,  -468,   234,   310,  -468,  -468,  -468,   306,
     288,   258,  3027,    13,  -468,   361,  -468,  2825,    83,   242,
      43,    65,    89,  -468,   389,   352,  -468,  3027,   365,   308,
     308,  -468,  3206,   252,    80,  -468,   463,  1902,   386,  3302,
     558,   403,   304,   662,  3206,  3158,  1589,  1589,  1691,  1793,
    1895,   386,   386,  1902,  1902,   331,    83,    83,  3027,  3027,
     277,   279,   286,  -468,   291,  2926,     7,   292,   298,  -468,
    -468,   572,   270,    93,   303,   118,   344,   132,   366,   781,
    -468,   393,  -468,  -468,     4,   396,  3027,  3027,  3027,  3027,
    -468,   317,  -468,  -468,   311,  -468,  -468,  -468,  -468,  1605,
      33,  -468,  3027,  3027,  -468,   169,  -468,   169,   169,   169,
     169,   169,  -468,   335,   335,    29,   321,   -28,  -468,  3027,
    -468,  -468,   322,  -468,  -468,  -468,  -468,   589,  -468,    14,
     675,  -468,  -468,  -468,   163,  3027,   430,  -468,  -468,  3027,
     373,   173,  -468,  -468,  -468,  -468,  -468,   692,  -468,  -468,
    3027,  -468,   444,  -468,   445,  -468,   447,  -468,   448,  -468,
    -468,  -468,   261,   234,  -468,  -468,   440,   356,   169,   362,
     363,   169,   370,   375,  -468,  -468,  -468,  -468,   380,   379,
     229,  -468,  3027,   387,   388,  3027,  -468,  -468,  -468,  -468,
    3027,   422,  -468,   490,  -468,  -468,   492,  -468,  -468,    35,
    -468,   180,  -468,  3254,   500,  -468,  -468,   395,  -468,  -468,
    -468,  -468,   408,   234,   409,  -468,  3027,  -468,  -468,   503,
     503,  3027,  3027,   503,  -468,   411,   414,   503,   503,  3206,
     169,  -468,  -468,   416,  -468,  -468,  -468,  -468,   451,   421,
    -468,  -468,  -468,  -468,   428,   503,   503,  -468,    37,    37,
     424,   431,   219,  3027,  3027,   503,  -468,  -468,   884,  -468,
     987,  -468,  -468,  -468,  -468,  1090,  -468,   219,   219,  -468,
     503,   435,  -468,  -468,   503,   503,  -468,   439,   437,   219,
    -468,  -468,   -16,  -468,  -468,  -468,  1193,  -468,  3027,   219,
     219,  -468,   503,  -468,   480,   549,  -468,  -468,   462,  -468,
    -468,  -468,   219,  -468,  -468,  -468,   503,  1708,  -468,  1296,
      37,   464,  -468,  -468,   503,  -468
};

  /* YYDEFACT[STATE-NUM] -- Default reduction number in state STATE-NUM.
     Performed when YYTABLE does not specify something else to do.  Zero
     means the default is an error.  */
static const yytype_uint16 yydefact[] =
{
       0,     2,     4,     6,     8,    10,    12,    14,     0,    18,
     268,     0,     0,     0,    21,   117,     1,    21,     0,     0,
       0,     0,     0,     0,   255,     0,     0,   226,   253,   214,
     248,   250,   244,    87,   257,    87,    87,   236,   246,     0,
       0,   239,   266,     0,     0,     0,     0,     0,     0,   242,
       0,     0,     0,     0,     0,     0,     0,     0,     0,   269,
     128,   256,   221,   204,   166,   175,   167,   181,   205,   206,
     207,   131,   211,     5,   227,   216,   219,   218,   220,   217,
       0,     0,     0,    18,     7,    63,    29,    88,     0,     0,
       0,    86,     0,     0,     0,     0,     0,     0,     0,     0,
       0,    59,    74,     9,     0,    64,     0,    11,    26,    25,
       0,    15,   112,     0,   197,     0,   187,   188,   293,   296,
     295,   294,   282,   283,   280,   266,     0,     0,     0,     0,
     245,     0,    91,    93,   237,     0,     0,   268,   268,   240,
     241,   293,   267,   138,   216,     0,   284,   203,   202,     0,
       0,    89,    90,   266,   212,     0,     0,   259,   263,   265,
     264,   243,   238,   189,   190,   209,   194,   195,   215,     0,
     281,   286,     0,     0,     0,   129,     0,     0,     0,   178,
     177,     0,   184,   183,     0,     0,     0,     0,     0,     0,
       0,     0,     0,     0,     0,     0,     0,     0,     0,     0,
       0,     0,     0,     0,   191,   192,   193,     0,     0,     0,
       0,     0,     0,     0,     0,     0,    21,    85,    86,    86,
       0,    36,    18,    18,    18,    18,    18,     0,    18,    18,
       0,    18,    18,    42,    58,     0,    54,    57,     0,     0,
       0,     0,     0,     0,    28,    27,    22,   100,   101,    98,
      98,   108,   107,   111,   113,   118,   196,   136,   268,     0,
       0,   249,   141,    92,    93,    95,    18,   247,   251,     0,
       0,     0,     0,   132,   199,     0,   230,     0,   210,     0,
     216,   219,   218,   262,     0,    97,   258,     0,   213,   126,
     127,   125,   130,     0,     0,   155,     0,   180,   186,   170,
     164,   162,   161,   163,   159,     0,   172,   173,   171,   169,
     168,   185,   182,   179,   176,   165,   174,   160,     0,     0,
     288,   290,     0,   143,     0,     0,     0,   292,   135,   144,
     228,     0,     0,     0,     0,     0,     0,     0,     0,     0,
      84,     0,    31,    33,     0,     0,    79,     0,     0,     0,
     278,     0,   279,   276,     0,   277,   273,   274,   275,     0,
       0,    18,     0,     0,    75,    67,    68,    81,    65,    66,
      69,    70,    99,   103,   103,   109,     0,   270,   157,   266,
      18,    94,   114,   201,   252,   140,   139,     0,   198,   215,
       0,   260,   261,    96,     0,     0,     0,   148,   154,     0,
       0,     0,   232,   233,   234,   285,   152,     0,   231,   235,
     268,   229,     0,   146,     0,   222,     0,   223,     0,    16,
      18,    30,    91,    93,    18,    35,     0,     0,    80,     0,
       0,    82,     0,     0,   272,    18,    78,    83,     0,     0,
      64,    50,     0,     0,     0,   104,   106,   102,   110,   137,
       0,     0,   142,     0,   200,   117,     0,   115,   133,   213,
     158,     0,   151,   208,     0,   147,   153,     0,   149,   224,
     225,   145,     0,    93,    18,    55,   266,    76,    76,     0,
       0,     0,     0,     0,    45,     0,     0,     0,     0,   105,
     271,   254,    21,     0,    21,   156,   150,   134,     0,    18,
     123,    34,   122,    21,     0,     0,     0,    20,    71,    71,
       0,     0,    74,    79,     0,     0,    40,    41,     0,   116,
       0,    23,   120,    32,   119,     0,    37,    74,    74,    21,
       0,     0,    38,    39,     0,     0,    53,     0,     0,    74,
     121,   124,     0,    56,    43,    44,     0,    72,     0,    74,
      74,    46,     0,    49,    61,     0,    24,    19,     0,    48,
      52,    76,    74,    21,    60,    17,     0,     0,    51,     0,
      71,     0,    62,    73,     0,    47
};

  /* YYPGOTO[NTERM-NUM].  */
static const yytype_int16 yypgoto[] =
{
    -468,  -468,  -468,  -468,  -468,  -468,  -468,  -468,  -468,   302,
    -468,    -5,  -109,  -468,   -17,  -468,   568,   477,     3,  -468,
    -468,  -468,  -468,  -468,  -468,  -468,  -468,  -468,  -352,  -467,
    -192,  -457,  -468,    74,   246,  -340,    68,  -468,   -56,   156,
    -468,   151,   172,  -248,   357,   350,  -468,  -468,   263,  -468,
     272,  -468,  -468,  -468,  -468,   183,  -468,  -468,   147,  -468,
     175,    -8,   -37,  -468,  -468,  -468,  -468,  -468,  -468,  -468,
    -468,  -468,  -468,  -468,  -468,   102,  -468,  -468,   493,  -124,
    -126,  -468,  -468,   293,  -468,  -468,   429,    39,   -45,   -42,
    -468,  -468,  -468,  -468,  -468,     9
};

  /* YYDEFGOTO[NTERM-NUM].  */
static const yytype_int16 yydefgoto[] =
{
      -1,     8,     9,    10,    11,    12,    13,    14,    15,   102,
     421,   382,   508,   529,   110,   542,   246,   108,   109,   422,
     423,   345,   513,   561,   485,   503,   556,   564,   104,   532,
     236,   505,   437,   427,   366,   430,   439,   341,   221,   131,
     217,   153,   264,   266,   286,   373,   250,   251,   446,   252,
     253,   254,   255,   456,   457,   111,   112,   523,   454,   501,
     383,   105,    60,    61,   379,   328,    62,    63,    64,    65,
      66,    67,    68,    69,    70,    71,   127,    72,   157,   143,
      73,   451,   433,   353,   354,   229,    74,    75,    76,    77,
      78,    79,    80,    81,    82,   170
};

  /* YYTABLE[YYPACT[STATE-NUM]] -- What to do in state STATE-NUM.  If
     positive, shift that token.  If negative, reduce the rule whose
     number is the opposite.  If YYTABLE_NINF, syntax error.  */
static const yytype_int16 yytable[] =
{
     113,   257,    59,   159,    17,   142,   160,   436,   554,   432,
     115,   270,   271,   162,   424,   103,   380,    83,   176,   438,
     177,   506,   443,   444,   256,    83,   287,   226,   118,   276,
     122,   123,   124,   119,   125,   126,   118,   150,    21,    22,
      23,   119,   533,    21,    22,   247,   248,   395,   169,    21,
      22,   145,   146,   209,   175,   210,    16,   227,   378,    83,
     121,   121,   121,   128,   121,   121,   228,   171,    57,   151,
     209,   137,   210,   129,   152,  -287,   135,  -287,   216,   179,
     180,   144,   121,   530,   531,   450,  -262,   158,   142,   172,
     173,   174,   352,   397,   555,   175,   121,   121,  -287,  -289,
    -287,  -289,   486,   573,   567,   138,   413,  -261,   273,   245,
     281,   182,   183,   282,   425,  -263,   142,   178,    57,   408,
     260,   116,   117,   172,   173,   174,    57,   155,   269,    59,
      59,   415,   376,    57,   130,   230,   156,  -265,    57,   134,
     249,   510,   511,   140,    57,   417,   148,   272,   284,   154,
    -289,   161,  -289,   163,   164,   165,   166,   167,   172,   173,
     174,  -264,   342,   343,   289,   290,   291,   136,   293,   294,
     296,   172,   173,   174,   538,   474,   460,   144,   181,   172,
     173,   174,   357,   184,   203,   358,   465,   204,   205,   206,
     207,   132,   133,   495,   280,   208,   172,   173,   174,   339,
     331,   332,   333,   334,   335,   336,   337,   338,   558,   288,
     172,   173,   174,  -291,   211,   436,   212,   346,   347,   348,
     349,   351,   377,   359,   360,   499,   362,   363,   215,   220,
     365,   367,   368,   369,   370,   371,   172,   173,   174,   218,
     219,   172,   173,   174,   222,   223,   329,   172,   173,   174,
      59,   172,   173,   174,   213,   452,   214,   278,   172,   173,
     174,   224,   225,   231,   387,   234,   356,   235,   275,   390,
     232,   238,   239,   240,   241,   237,   258,   292,   242,   394,
     243,   259,   261,   297,   467,   263,   298,   299,   300,   301,
     302,   303,   304,   305,   306,   307,   308,   309,   310,   311,
     312,   313,   314,   315,   316,   317,   265,   172,   173,   174,
     400,   401,   274,    84,   285,   357,   340,   407,   358,   267,
     536,   287,   350,   120,   120,   120,   344,   120,   120,   361,
     172,   173,   174,   372,   381,   544,   545,   -82,   428,   367,
     431,   431,   142,   139,   120,   120,   147,   553,   172,   173,
     174,   440,   504,   375,   431,   431,   442,   559,   560,   120,
     120,   318,   396,   319,   385,   121,   386,   320,   321,   322,
     568,   509,   388,   323,   512,   453,   393,   395,   516,   517,
     412,   172,   173,   174,   172,   173,   174,   461,   174,   402,
     434,   403,   186,   187,   188,   189,   527,   528,   404,   356,
     202,   233,    59,   405,   409,   203,   539,   410,   204,   205,
     206,   207,   420,   414,   384,   472,   324,   426,   445,   475,
     435,   547,   172,   173,   174,   549,   550,   202,    57,   449,
     482,   455,   203,   262,   431,   204,   205,   206,   207,   142,
     120,   462,   490,   562,   172,   173,   174,   186,   187,   188,
     189,   172,   173,   174,   416,   468,   469,   570,   470,   471,
     325,   476,   326,   327,   477,   575,   188,   172,   173,   174,
     478,   479,  -255,   431,   431,   518,   418,   520,   480,   199,
     200,   201,   202,   464,   481,  -255,   525,   203,   483,   484,
     204,   205,   206,   207,   453,   487,   488,   392,   491,   202,
     492,   463,   494,   497,   203,   428,   431,   204,   205,   206,
     207,   496,   546,   507,  -255,  -255,  -255,  -255,   498,   500,
     514,  -255,   515,  -255,   519,   521,  -255,  -295,  -295,  -295,
     207,   522,   534,  -255,  -255,  -255,  -255,   364,   526,   535,
     431,   172,   173,   174,   548,   552,   569,   489,  -255,   551,
    -255,  -255,  -255,   563,  -255,  -255,  -255,  -255,  -255,  -255,
    -255,  -255,  -255,  -255,  -255,  -255,  -255,  -255,  -255,   565,
     566,   398,   574,  -255,   -13,    85,  -255,  -255,  -255,  -255,
    -255,   107,  -255,   244,    83,  -255,    18,   537,    19,    20,
      21,    22,    23,   429,   473,    24,    25,    26,    27,    28,
     374,    29,    30,    31,    32,    33,    34,    86,   106,    87,
      88,    89,    35,    36,    90,    91,    92,    93,    94,    95,
     187,   188,   189,    96,    97,    98,    99,    37,   120,   100,
      38,    39,    40,    41,    42,   571,   391,   447,   493,    43,
      44,    45,    46,    47,    48,    49,   524,   448,   279,   502,
     172,   173,   174,   441,   202,    50,   355,     0,     0,   203,
       0,     0,   204,   205,   206,   207,     0,   172,   173,   174,
       0,    51,    52,     0,    53,     0,    54,    55,    -3,    85,
     411,     0,     0,    56,   101,    57,    58,     0,    83,     0,
      18,     0,    19,    20,    21,    22,    23,   458,     0,    24,
      25,    26,    27,    28,     0,    29,    30,    31,    32,    33,
      34,    86,   106,    87,    88,    89,    35,    36,    90,    91,
      92,    93,    94,    95,   187,   188,     0,    96,    97,    98,
      99,    37,     0,   100,    38,    39,    40,    41,    42,     0,
       0,     0,     0,    43,    44,    45,    46,    47,    48,    49,
       0,     0,     0,   172,   173,   174,     0,     0,   202,    50,
       0,     0,     0,   203,     0,     0,   204,   205,   206,   207,
     172,   173,   174,     0,     0,    51,    52,     0,    53,     0,
      54,    55,    85,   459,     0,     0,     0,    56,   101,    57,
      58,    83,   419,    18,     0,    19,    20,    21,    22,    23,
     466,     0,    24,    25,    26,    27,    28,     0,    29,    30,
      31,    32,    33,    34,    86,   106,    87,    88,    89,    35,
      36,    90,    91,    92,    93,    94,    95,     0,     0,     0,
      96,    97,    98,    99,    37,     0,   100,    38,    39,    40,
      41,    42,     0,     0,     0,     0,    43,    44,    45,    46,
      47,    48,    49,     1,     2,     3,     4,     5,     6,     7,
       0,     0,    50,     0,     0,     0,     0,     0,     0,     0,
       0,     0,     0,     0,     0,     0,     0,     0,    51,    52,
       0,    53,     0,    54,    55,    85,     0,     0,     0,     0,
      56,   101,    57,    58,    83,   540,    18,     0,    19,    20,
      21,    22,    23,     0,     0,    24,    25,    26,    27,    28,
       0,    29,    30,    31,    32,    33,    34,    86,   106,    87,
      88,    89,    35,    36,    90,    91,    92,    93,    94,    95,
       0,     0,     0,    96,    97,    98,    99,    37,     0,   100,
      38,    39,    40,    41,    42,     0,     0,     0,     0,    43,
      44,    45,    46,    47,    48,    49,     0,     0,     0,     0,
       0,     0,     0,     0,     0,    50,     0,     0,     0,     0,
       0,     0,     0,     0,     0,     0,     0,     0,     0,     0,
       0,    51,    52,     0,    53,     0,    54,    55,    85,     0,
       0,     0,     0,    56,   101,    57,    58,    83,   541,    18,
       0,    19,    20,    21,    22,    23,     0,     0,    24,    25,
      26,    27,    28,     0,    29,    30,    31,    32,    33,    34,
      86,   106,    87,    88,    89,    35,    36,    90,    91,    92,
      93,    94,    95,     0,     0,     0,    96,    97,    98,    99,
      37,     0,   100,    38,    39,    40,    41,    42,     0,     0,
       0,     0,    43,    44,    45,    46,    47,    48,    49,     0,
       0,     0,     0,     0,     0,     0,     0,     0,    50,     0,
       0,     0,     0,     0,     0,     0,     0,     0,     0,     0,
       0,     0,     0,     0,    51,    52,     0,    53,     0,    54,
      55,    85,     0,     0,     0,     0,    56,   101,    57,    58,
      83,   543,    18,     0,    19,    20,    21,    22,    23,     0,
       0,    24,    25,    26,    27,    28,     0,    29,    30,    31,
      32,    33,    34,    86,   106,    87,    88,    89,    35,    36,
      90,    91,    92,    93,    94,    95,     0,     0,     0,    96,
      97,    98,    99,    37,     0,   100,    38,    39,    40,    41,
      42,     0,     0,     0,     0,    43,    44,    45,    46,    47,
      48,    49,     0,     0,     0,     0,     0,     0,     0,     0,
       0,    50,     0,     0,     0,     0,     0,     0,     0,     0,
       0,     0,     0,     0,     0,     0,     0,    51,    52,     0,
      53,     0,    54,    55,    85,     0,     0,     0,     0,    56,
     101,    57,    58,    83,   557,    18,     0,    19,    20,    21,
      22,    23,     0,     0,    24,    25,    26,    27,    28,     0,
      29,    30,    31,    32,    33,    34,    86,   106,    87,    88,
      89,    35,    36,    90,    91,    92,    93,    94,    95,     0,
       0,     0,    96,    97,    98,    99,    37,     0,   100,    38,
      39,    40,    41,    42,     0,     0,     0,     0,    43,    44,
      45,    46,    47,    48,    49,     0,     0,     0,     0,     0,
       0,     0,     0,     0,    50,     0,     0,     0,     0,     0,
       0,     0,     0,     0,     0,     0,     0,     0,     0,     0,
      51,    52,     0,    53,     0,    54,    55,    85,     0,     0,
       0,     0,    56,   101,    57,    58,    83,     0,    18,     0,
      19,    20,    21,    22,    23,     0,     0,    24,    25,    26,
      27,    28,     0,    29,    30,    31,    32,    33,    34,    86,
     106,    87,    88,    89,    35,    36,    90,    91,    92,    93,
      94,    95,     0,     0,     0,    96,    97,    98,    99,    37,
       0,   100,    38,    39,    40,    41,    42,     0,     0,     0,
       0,    43,    44,    45,    46,    47,    48,    49,     0,     0,
     572,     0,     0,     0,     0,     0,     0,    50,     0,     0,
       0,     0,     0,     0,     0,     0,     0,     0,     0,     0,
       0,     0,     0,    51,    52,     0,    53,     0,    54,    55,
      85,     0,     0,     0,     0,    56,   101,    57,    58,    83,
       0,    18,     0,    19,    20,    21,    22,    23,     0,     0,
      24,    25,    26,    27,    28,     0,    29,    30,    31,    32,
      33,    34,    86,   106,    87,    88,    89,    35,    36,    90,
      91,    92,    93,    94,    95,     0,     0,     0,    96,    97,
      98,    99,    37,     0,   100,    38,    39,    40,    41,    42,
       0,     0,     0,     0,    43,    44,    45,    46,    47,    48,
      49,     0,     0,     0,     0,     0,     0,     0,     0,     0,
      50,     0,     0,     0,     0,     0,     0,     0,     0,     0,
       0,     0,     0,     0,     0,     0,    51,    52,     0,    53,
       0,    54,    55,    85,     0,     0,     0,     0,    56,   101,
      57,    58,    83,     0,    18,     0,    19,    20,    21,    22,
      23,     0,     0,    24,    25,    26,    27,    28,     0,    29,
      30,    31,    32,    33,    34,    86,     0,    87,    88,    89,
      35,    36,    90,    91,    92,    93,    94,    95,     0,     0,
       0,    96,    97,    98,    99,    37,     0,   100,    38,    39,
      40,    41,    42,     0,     0,     0,     0,    43,    44,    45,
      46,    47,    48,    49,     0,     0,     0,     0,     0,     0,
       0,     0,     0,    50,     0,     0,     0,     0,     0,     0,
       0,     0,     0,     0,     0,     0,     0,     0,     0,    51,
      52,     0,    53,     0,    54,    55,    85,     0,     0,     0,
       0,    56,   101,    57,    58,     0,     0,    18,     0,    19,
      20,    21,    22,    23,     0,     0,    24,    25,    26,    27,
      28,     0,    29,    30,    31,    32,    33,    34,     0,     0,
       0,     0,     0,    35,    36,     0,     0,     0,     0,     0,
     186,   187,   188,   189,     0,     0,     0,     0,    37,     0,
       0,    38,    39,    40,    41,    42,     0,     0,     0,     0,
      43,    44,    45,    46,    47,    48,    49,   194,   195,   196,
     197,   198,   199,   200,   201,   202,    50,     0,     0,     0,
     203,     0,     0,   204,   205,   206,   207,     0,     0,     0,
       0,     0,    51,    52,     0,    53,     0,    54,    55,    85,
       0,     0,     0,     0,    56,   -77,    57,    58,     0,     0,
      18,     0,    19,    20,    21,    22,    23,     0,     0,    24,
      25,    26,    27,    28,     0,    29,    30,    31,    32,    33,
      34,     0,     0,     0,     0,     0,    35,    36,     0,     0,
       0,     0,   186,   187,   188,   189,     0,     0,     0,     0,
       0,    37,     0,     0,    38,    39,    40,    41,    42,     0,
       0,     0,     0,    43,    44,    45,    46,    47,    48,    49,
     195,   196,   197,   198,   199,   200,   201,   202,     0,    50,
       0,     0,   203,     0,     0,   204,   205,   206,   207,     0,
       0,     0,     0,     0,     0,    51,    52,     0,    53,     0,
      54,    55,     0,     0,     0,     0,   -77,    56,     0,    57,
      58,    83,     0,    18,     0,    19,    20,    21,    22,    23,
       0,     0,   141,    25,    26,    27,    28,   119,    29,    30,
      31,    32,    33,    34,     0,     0,     0,     0,     0,    35,
      36,     0,     0,     0,   186,   187,   188,   189,     0,     0,
       0,     0,     0,     0,    37,     0,     0,    38,    39,    40,
      41,    42,     0,     0,     0,     0,    43,    44,    45,    46,
      47,    48,    49,   196,   197,   198,   199,   200,   201,   202,
       0,     0,    50,     0,   203,     0,     0,   204,   205,   206,
     207,     0,     0,     0,     0,     0,     0,     0,    51,    52,
       0,    53,     0,    54,    55,     0,     0,     0,     0,     0,
      56,     0,    57,    58,    83,     0,    18,     0,    19,    20,
      21,    22,    23,     0,     0,    24,    25,    26,    27,    28,
       0,    29,    30,    31,    32,    33,    34,     0,     0,     0,
       0,     0,    35,    36,     0,     0,   186,   187,   188,   189,
       0,     0,     0,   186,   187,   188,   189,    37,     0,     0,
      38,    39,    40,    41,    42,     0,     0,     0,     0,    43,
      44,    45,    46,    47,    48,    49,   197,   198,   199,   200,
     201,   202,     0,     0,     0,    50,   203,   201,   202,   204,
     205,   206,   207,   203,     0,     0,   204,   205,   206,   207,
       0,    51,    52,     0,    53,     0,    54,    55,     0,     0,
       0,     0,     0,    56,     0,    57,    58,   209,     0,   210,
       0,  -294,  -294,  -294,  -294,  -294,     0,     0,  -294,  -294,
    -294,  -294,  -294,     0,  -294,  -294,  -294,  -294,  -294,  -294,
       0,     0,     0,     0,     0,  -294,  -294,   238,   239,   240,
     241,     0,     0,     0,   242,     0,   243,     0,     0,     0,
    -294,     0,     0,  -294,  -294,  -294,  -294,  -294,     0,     0,
       0,     0,  -294,  -294,  -294,  -294,  -294,  -294,  -294,     0,
       0,     0,     0,   172,   173,   174,     0,     0,  -294,     0,
       0,     0,     0,     0,     0,     0,     0,     0,     0,     0,
       0,     0,     0,     0,  -294,  -294,     0,  -294,     0,  -294,
    -294,     0,     0,     0,     0,     0,  -294,     0,  -294,  -294,
      18,   114,    19,    20,    21,    22,    23,     0,     0,    24,
      25,    26,    27,    28,     0,    29,    30,    31,    32,    33,
      34,     0,     0,     0,     0,     0,    35,    36,     0,     0,
       0,     0,     0,     0,     0,     0,     0,     0,     0,     0,
       0,    37,     0,     0,    38,    39,    40,    41,    42,     0,
       0,     0,     0,    43,    44,    45,    46,    47,    48,    49,
       0,     0,     0,     0,     0,     0,     0,     0,     0,    50,
       0,     0,     0,     0,     0,     0,     0,     0,     0,     0,
       0,     0,     0,     0,     0,    51,    52,     0,    53,     0,
      54,    55,     0,     0,     0,     0,     0,    56,     0,    57,
      58,    18,     0,    19,    20,    21,    22,    23,     0,     0,
      24,    25,    26,    27,    28,     0,    29,    30,    31,    32,
      33,    34,     0,     0,     0,     0,     0,    35,    36,     0,
       0,     0,     0,     0,     0,     0,     0,     0,     0,     0,
       0,     0,    37,     0,     0,    38,    39,    40,    41,    42,
       0,     0,     0,     0,    43,    44,    45,    46,    47,    48,
      49,     0,     0,     0,     0,     0,     0,     0,     0,     0,
      50,     0,     0,     0,     0,     0,     0,     0,     0,     0,
       0,     0,     0,     0,     0,     0,    51,    52,     0,    53,
       0,    54,    55,     0,     0,     0,     0,     0,    56,   149,
      57,    58,    18,     0,    19,    20,    21,    22,    23,     0,
       0,    24,    25,    26,    27,    28,     0,    29,    30,    31,
      32,    33,    34,     0,     0,     0,     0,     0,    35,    36,
       0,     0,     0,     0,     0,     0,     0,     0,     0,     0,
       0,     0,     0,    37,     0,     0,    38,    39,    40,    41,
      42,     0,     0,     0,     0,    43,    44,    45,    46,    47,
      48,    49,     0,     0,     0,     0,     0,     0,     0,     0,
       0,    50,     0,     0,     0,     0,     0,     0,     0,     0,
       0,     0,     0,     0,     0,     0,     0,    51,    52,     0,
      53,     0,    54,    55,     0,     0,     0,     0,   168,    56,
       0,    57,    58,    18,     0,    19,    20,    21,    22,    23,
       0,     0,    24,    25,    26,    27,    28,     0,    29,    30,
      31,    32,    33,    34,     0,     0,     0,     0,     0,    35,
      36,     0,     0,     0,     0,     0,     0,     0,     0,     0,
       0,     0,     0,     0,    37,     0,     0,    38,    39,    40,
      41,    42,     0,     0,     0,     0,    43,    44,    45,    46,
      47,    48,    49,     0,     0,     0,     0,     0,     0,     0,
       0,     0,    50,     0,     0,     0,     0,     0,     0,     0,
       0,     0,     0,     0,     0,     0,     0,     0,    51,    52,
       0,    53,     0,    54,    55,     0,     0,     0,     0,   268,
      56,     0,    57,    58,    18,     0,    19,    20,    21,    22,
      23,     0,     0,    24,    25,    26,    27,    28,     0,    29,
      30,    31,    32,    33,    34,     0,     0,     0,     0,     0,
      35,    36,     0,     0,     0,     0,     0,     0,     0,     0,
       0,     0,     0,     0,     0,    37,     0,     0,    38,    39,
      40,    41,    42,     0,     0,     0,     0,    43,    44,    45,
      46,    47,    48,    49,     0,     0,     0,     0,     0,     0,
       0,     0,     0,    50,     0,     0,     0,     0,     0,     0,
       0,     0,     0,     0,     0,     0,     0,     0,     0,    51,
      52,     0,    53,     0,    54,    55,     0,     0,     0,     0,
     283,    56,     0,    57,    58,    18,     0,    19,    20,    21,
      22,    23,     0,     0,    24,    25,    26,    27,    28,     0,
      29,    30,    31,    32,    33,    34,     0,     0,     0,     0,
       0,    35,    36,     0,     0,     0,     0,     0,     0,     0,
       0,     0,     0,     0,     0,     0,    37,     0,     0,    38,
      39,    40,    41,    42,     0,     0,     0,     0,    43,    44,
      45,    46,    47,    48,    49,     0,     0,     0,     0,     0,
       0,     0,     0,     0,    50,     0,     0,     0,     0,     0,
       0,     0,     0,     0,     0,     0,     0,     0,     0,     0,
      51,    52,     0,    53,     0,    54,    55,     0,     0,     0,
       0,   295,    56,     0,    57,    58,    18,     0,    19,    20,
      21,    22,    23,     0,     0,    24,    25,    26,    27,    28,
       0,    29,    30,    31,    32,    33,    34,     0,     0,     0,
       0,     0,    35,    36,     0,     0,     0,     0,     0,     0,
       0,     0,     0,     0,     0,     0,     0,    37,     0,     0,
      38,    39,    40,    41,    42,     0,     0,     0,     0,    43,
      44,    45,    46,    47,    48,    49,     0,     0,     0,     0,
       0,     0,     0,     0,     0,    50,     0,     0,     0,     0,
       0,     0,     0,     0,     0,     0,     0,     0,     0,     0,
       0,    51,    52,     0,    53,     0,    54,    55,     0,     0,
       0,     0,   330,    56,     0,    57,    58,    18,     0,    19,
      20,    21,    22,    23,     0,     0,    24,    25,    26,    27,
      28,     0,    29,    30,    31,    32,    33,    34,     0,     0,
       0,     0,     0,    35,    36,     0,     0,     0,     0,     0,
       0,     0,     0,     0,     0,     0,     0,     0,    37,     0,
       0,    38,    39,    40,    41,    42,     0,     0,     0,     0,
      43,    44,    45,    46,    47,    48,    49,     0,     0,     0,
       0,     0,     0,     0,     0,     0,    50,     0,     0,     0,
       0,     0,     0,     0,     0,     0,     0,     0,     0,     0,
       0,     0,    51,    52,     0,    53,     0,    54,    55,     0,
       0,     0,     0,   389,    56,     0,    57,    58,    18,     0,
      19,    20,    21,    22,    23,     0,     0,    24,    25,    26,
      27,    28,     0,    29,    30,    31,    32,    33,    34,     0,
       0,     0,     0,     0,    35,    36,     0,     0,     0,     0,
       0,     0,     0,     0,     0,     0,     0,     0,     0,    37,
       0,     0,    38,    39,    40,    41,    42,     0,     0,     0,
       0,    43,    44,    45,    46,    47,    48,    49,     0,     0,
       0,     0,     0,     0,     0,     0,     0,    50,     0,     0,
       0,     0,     0,     0,     0,     0,     0,     0,     0,     0,
       0,     0,     0,    51,    52,     0,    53,     0,    54,    55,
       0,     0,     0,     0,   406,    56,     0,    57,    58,    18,
       0,    19,    20,    21,    22,    23,     0,     0,    24,    25,
      26,    27,    28,     0,    29,    30,    31,    32,    33,    34,
       0,     0,     0,     0,     0,    35,    36,     0,     0,     0,
       0,     0,     0,     0,     0,     0,     0,     0,     0,     0,
      37,     0,     0,    38,    39,    40,    41,    42,     0,     0,
       0,     0,    43,    44,    45,    46,    47,    48,    49,     0,
       0,     0,     0,     0,     0,     0,     0,     0,    50,     0,
       0,     0,     0,     0,     0,     0,     0,     0,     0,     0,
       0,     0,     0,     0,    51,    52,     0,    53,     0,    54,
      55,     0,     0,     0,     0,     0,    56,     0,    57,    58,
      18,     0,    19,    20,    21,    22,    23,     0,     0,    24,
      25,    26,    27,    28,     0,    29,    30,    31,    32,    33,
      34,     0,     0,     0,     0,     0,    35,    36,     0,     0,
       0,     0,     0,     0,     0,     0,     0,     0,     0,     0,
       0,    37,     0,     0,    38,    39,    40,    41,    42,     0,
       0,     0,     0,    43,    44,    45,    46,    47,    48,    49,
       0,     0,     0,     0,     0,     0,     0,     0,     0,    50,
       0,     0,   185,     0,     0,     0,     0,     0,     0,   186,
     187,   188,   189,     0,     0,    51,    52,     0,    53,     0,
      54,    55,     0,     0,     0,     0,     0,   277,     0,    57,
      58,   190,   191,   399,   192,   193,   194,   195,   196,   197,
     198,   199,   200,   201,   202,     0,     0,     0,     0,   203,
     185,     0,   204,   205,   206,   207,     0,   186,   187,   188,
     189,     0,     0,     0,     0,     0,     0,     0,     0,     0,
       0,     0,     0,     0,     0,     0,     0,     0,     0,   190,
     191,     0,   192,   193,   194,   195,   196,   197,   198,   199,
     200,   201,   202,     0,     0,     0,     0,   203,   185,     0,
     204,   205,   206,   207,     0,   186,   187,   188,   189,     0,
       0,     0,     0,     0,     0,     0,     0,     0,     0,     0,
       0,     0,     0,     0,     0,     0,     0,     0,   191,     0,
     192,   193,   194,   195,   196,   197,   198,   199,   200,   201,
     202,     0,     0,     0,     0,   203,  -295,     0,   204,   205,
     206,   207,     0,   186,   187,   188,   189,     0,     0,     0,
       0,     0,     0,     0,     0,     0,     0,     0,     0,     0,
       0,     0,     0,     0,     0,     0,     0,     0,   192,   193,
     194,   195,   196,   197,   198,   199,   200,   201,   202,     0,
       0,     0,     0,   203,     0,     0,   204,   205,   206,   207
};

static const yytype_int16 yycheck[] =
{
      17,   125,    10,    48,     9,    42,    48,   359,    24,   349,
      18,   137,   138,    50,    10,    12,   264,    10,    10,   359,
      12,   478,   362,   363,    13,    10,    12,    70,    21,   153,
      21,    22,    23,    26,    25,    26,    21,    45,    16,    17,
      18,    26,   509,    16,    17,    16,    17,    12,    56,    16,
      17,    42,    43,    10,    82,    12,     0,   100,    13,    10,
      21,    22,    23,    12,    25,    26,   109,    58,   111,    21,
      10,    75,    12,   109,    26,    10,   109,    12,    83,    93,
      94,    42,    43,    46,    47,   113,    72,    48,   125,    78,
      79,    80,    70,    13,   110,    82,    57,    58,    10,    10,
      12,    12,   442,   570,   561,   109,    13,    72,   145,   106,
     155,    91,    92,   155,   110,    72,   153,   109,   111,   112,
     128,    19,    20,    78,    79,    80,   111,   100,   136,   137,
     138,    13,   258,   111,    32,    96,   109,    72,   111,    37,
     111,   481,   482,    41,   111,    13,    44,   138,   156,    47,
      10,    49,    12,    51,    52,    53,    54,    55,    78,    79,
      80,    72,   218,   219,   172,   173,   174,   109,   176,   177,
     178,    78,    79,    80,   514,   423,    13,   138,    93,    78,
      79,    80,   227,    91,   101,   227,    13,   104,   105,   106,
     107,    35,    36,    13,   155,   109,    78,    79,    80,   216,
     208,   209,   210,   211,   212,   213,   214,   215,   548,   108,
      78,    79,    80,    10,    10,   567,    12,   222,   223,   224,
     225,   226,   259,   228,   229,   473,   231,   232,    10,    21,
     238,   239,   240,   241,   242,   243,    78,    79,    80,    88,
      89,    78,    79,    80,   109,   109,   207,    78,    79,    80,
     258,    78,    79,    80,    10,   379,    12,   155,    78,    79,
      80,   109,   109,   109,   272,   110,   227,    48,   110,   277,
     109,    42,    43,    44,    45,   110,   109,   175,    49,   287,
      51,    75,   108,   181,   410,    24,   184,   185,   186,   187,
     188,   189,   190,   191,   192,   193,   194,   195,   196,   197,
     198,   199,   200,   201,   202,   203,    72,    78,    79,    80,
     318,   319,    11,    11,    72,   360,    21,   325,   360,   108,
     512,    12,   100,    21,    22,    23,    21,    25,    26,   109,
      78,    79,    80,    26,    24,   527,   528,   108,   346,   347,
     348,   349,   379,    41,    42,    43,    44,   539,    78,    79,
      80,   359,   476,    82,   362,   363,   361,   549,   550,    57,
      58,    10,   110,    12,    76,   326,   108,    16,    17,    18,
     562,   480,    11,    22,   483,   380,    24,    12,   487,   488,
     110,    78,    79,    80,    78,    79,    80,   395,    80,   112,
     351,   112,    61,    62,    63,    64,   505,   506,   112,   360,
      96,    99,   410,   112,   112,   101,   515,   109,   104,   105,
     106,   107,    19,   110,   108,   420,    65,    21,    83,   424,
     109,   530,    78,    79,    80,   534,   535,    96,   111,   108,
     435,   109,   101,   131,   442,   104,   105,   106,   107,   476,
     138,    11,   450,   552,    78,    79,    80,    61,    62,    63,
      64,    78,    79,    80,   110,    11,    11,   566,    11,    11,
     109,    21,   111,   112,   108,   574,    63,    78,    79,    80,
     108,   108,     0,   481,   482,   492,   110,   494,   108,    93,
      94,    95,    96,   110,   109,    13,   503,   101,   108,   110,
     104,   105,   106,   107,   499,   108,   108,   108,    76,    96,
      10,   399,    10,   108,   101,   513,   514,   104,   105,   106,
     107,    11,   529,    10,    42,    43,    44,    45,   110,   110,
     109,    49,   108,    51,   108,    74,    54,   104,   105,   106,
     107,   110,   108,    61,    62,    63,    64,   235,   110,   108,
     548,    78,    79,    80,   109,   108,   563,   445,    76,   110,
      78,    79,    80,    73,    82,    83,    84,    85,    86,    87,
      88,    89,    90,    91,    92,    93,    94,    95,    96,    20,
     108,   108,   108,   101,     0,     1,   104,   105,   106,   107,
     108,    13,   110,   106,    10,   113,    12,   513,    14,    15,
      16,    17,    18,   347,   422,    21,    22,    23,    24,    25,
     250,    27,    28,    29,    30,    31,    32,    33,    34,    35,
      36,    37,    38,    39,    40,    41,    42,    43,    44,    45,
      62,    63,    64,    49,    50,    51,    52,    53,   326,    55,
      56,    57,    58,    59,    60,   567,   279,   374,   455,    65,
      66,    67,    68,    69,    70,    71,   499,   375,   155,   474,
      78,    79,    80,   360,    96,    81,   227,    -1,    -1,   101,
      -1,    -1,   104,   105,   106,   107,    -1,    78,    79,    80,
      -1,    97,    98,    -1,   100,    -1,   102,   103,     0,     1,
     108,    -1,    -1,   109,   110,   111,   112,    -1,    10,    -1,
      12,    -1,    14,    15,    16,    17,    18,   108,    -1,    21,
      22,    23,    24,    25,    -1,    27,    28,    29,    30,    31,
      32,    33,    34,    35,    36,    37,    38,    39,    40,    41,
      42,    43,    44,    45,    62,    63,    -1,    49,    50,    51,
      52,    53,    -1,    55,    56,    57,    58,    59,    60,    -1,
      -1,    -1,    -1,    65,    66,    67,    68,    69,    70,    71,
      -1,    -1,    -1,    78,    79,    80,    -1,    -1,    96,    81,
      -1,    -1,    -1,   101,    -1,    -1,   104,   105,   106,   107,
      78,    79,    80,    -1,    -1,    97,    98,    -1,   100,    -1,
     102,   103,     1,   108,    -1,    -1,    -1,   109,   110,   111,
     112,    10,    11,    12,    -1,    14,    15,    16,    17,    18,
     108,    -1,    21,    22,    23,    24,    25,    -1,    27,    28,
      29,    30,    31,    32,    33,    34,    35,    36,    37,    38,
      39,    40,    41,    42,    43,    44,    45,    -1,    -1,    -1,
      49,    50,    51,    52,    53,    -1,    55,    56,    57,    58,
      59,    60,    -1,    -1,    -1,    -1,    65,    66,    67,    68,
      69,    70,    71,     3,     4,     5,     6,     7,     8,     9,
      -1,    -1,    81,    -1,    -1,    -1,    -1,    -1,    -1,    -1,
      -1,    -1,    -1,    -1,    -1,    -1,    -1,    -1,    97,    98,
      -1,   100,    -1,   102,   103,     1,    -1,    -1,    -1,    -1,
     109,   110,   111,   112,    10,    11,    12,    -1,    14,    15,
      16,    17,    18,    -1,    -1,    21,    22,    23,    24,    25,
      -1,    27,    28,    29,    30,    31,    32,    33,    34,    35,
      36,    37,    38,    39,    40,    41,    42,    43,    44,    45,
      -1,    -1,    -1,    49,    50,    51,    52,    53,    -1,    55,
      56,    57,    58,    59,    60,    -1,    -1,    -1,    -1,    65,
      66,    67,    68,    69,    70,    71,    -1,    -1,    -1,    -1,
      -1,    -1,    -1,    -1,    -1,    81,    -1,    -1,    -1,    -1,
      -1,    -1,    -1,    -1,    -1,    -1,    -1,    -1,    -1,    -1,
      -1,    97,    98,    -1,   100,    -1,   102,   103,     1,    -1,
      -1,    -1,    -1,   109,   110,   111,   112,    10,    11,    12,
      -1,    14,    15,    16,    17,    18,    -1,    -1,    21,    22,
      23,    24,    25,    -1,    27,    28,    29,    30,    31,    32,
      33,    34,    35,    36,    37,    38,    39,    40,    41,    42,
      43,    44,    45,    -1,    -1,    -1,    49,    50,    51,    52,
      53,    -1,    55,    56,    57,    58,    59,    60,    -1,    -1,
      -1,    -1,    65,    66,    67,    68,    69,    70,    71,    -1,
      -1,    -1,    -1,    -1,    -1,    -1,    -1,    -1,    81,    -1,
      -1,    -1,    -1,    -1,    -1,    -1,    -1,    -1,    -1,    -1,
      -1,    -1,    -1,    -1,    97,    98,    -1,   100,    -1,   102,
     103,     1,    -1,    -1,    -1,    -1,   109,   110,   111,   112,
      10,    11,    12,    -1,    14,    15,    16,    17,    18,    -1,
      -1,    21,    22,    23,    24,    25,    -1,    27,    28,    29,
      30,    31,    32,    33,    34,    35,    36,    37,    38,    39,
      40,    41,    42,    43,    44,    45,    -1,    -1,    -1,    49,
      50,    51,    52,    53,    -1,    55,    56,    57,    58,    59,
      60,    -1,    -1,    -1,    -1,    65,    66,    67,    68,    69,
      70,    71,    -1,    -1,    -1,    -1,    -1,    -1,    -1,    -1,
      -1,    81,    -1,    -1,    -1,    -1,    -1,    -1,    -1,    -1,
      -1,    -1,    -1,    -1,    -1,    -1,    -1,    97,    98,    -1,
     100,    -1,   102,   103,     1,    -1,    -1,    -1,    -1,   109,
     110,   111,   112,    10,    11,    12,    -1,    14,    15,    16,
      17,    18,    -1,    -1,    21,    22,    23,    24,    25,    -1,
      27,    28,    29,    30,    31,    32,    33,    34,    35,    36,
      37,    38,    39,    40,    41,    42,    43,    44,    45,    -1,
      -1,    -1,    49,    50,    51,    52,    53,    -1,    55,    56,
      57,    58,    59,    60,    -1,    -1,    -1,    -1,    65,    66,
      67,    68,    69,    70,    71,    -1,    -1,    -1,    -1,    -1,
      -1,    -1,    -1,    -1,    81,    -1,    -1,    -1,    -1,    -1,
      -1,    -1,    -1,    -1,    -1,    -1,    -1,    -1,    -1,    -1,
      97,    98,    -1,   100,    -1,   102,   103,     1,    -1,    -1,
      -1,    -1,   109,   110,   111,   112,    10,    -1,    12,    -1,
      14,    15,    16,    17,    18,    -1,    -1,    21,    22,    23,
      24,    25,    -1,    27,    28,    29,    30,    31,    32,    33,
      34,    35,    36,    37,    38,    39,    40,    41,    42,    43,
      44,    45,    -1,    -1,    -1,    49,    50,    51,    52,    53,
      -1,    55,    56,    57,    58,    59,    60,    -1,    -1,    -1,
      -1,    65,    66,    67,    68,    69,    70,    71,    -1,    -1,
      74,    -1,    -1,    -1,    -1,    -1,    -1,    81,    -1,    -1,
      -1,    -1,    -1,    -1,    -1,    -1,    -1,    -1,    -1,    -1,
      -1,    -1,    -1,    97,    98,    -1,   100,    -1,   102,   103,
       1,    -1,    -1,    -1,    -1,   109,   110,   111,   112,    10,
      -1,    12,    -1,    14,    15,    16,    17,    18,    -1,    -1,
      21,    22,    23,    24,    25,    -1,    27,    28,    29,    30,
      31,    32,    33,    34,    35,    36,    37,    38,    39,    40,
      41,    42,    43,    44,    45,    -1,    -1,    -1,    49,    50,
      51,    52,    53,    -1,    55,    56,    57,    58,    59,    60,
      -1,    -1,    -1,    -1,    65,    66,    67,    68,    69,    70,
      71,    -1,    -1,    -1,    -1,    -1,    -1,    -1,    -1,    -1,
      81,    -1,    -1,    -1,    -1,    -1,    -1,    -1,    -1,    -1,
      -1,    -1,    -1,    -1,    -1,    -1,    97,    98,    -1,   100,
      -1,   102,   103,     1,    -1,    -1,    -1,    -1,   109,   110,
     111,   112,    10,    -1,    12,    -1,    14,    15,    16,    17,
      18,    -1,    -1,    21,    22,    23,    24,    25,    -1,    27,
      28,    29,    30,    31,    32,    33,    -1,    35,    36,    37,
      38,    39,    40,    41,    42,    43,    44,    45,    -1,    -1,
      -1,    49,    50,    51,    52,    53,    -1,    55,    56,    57,
      58,    59,    60,    -1,    -1,    -1,    -1,    65,    66,    67,
      68,    69,    70,    71,    -1,    -1,    -1,    -1,    -1,    -1,
      -1,    -1,    -1,    81,    -1,    -1,    -1,    -1,    -1,    -1,
      -1,    -1,    -1,    -1,    -1,    -1,    -1,    -1,    -1,    97,
      98,    -1,   100,    -1,   102,   103,     1,    -1,    -1,    -1,
      -1,   109,   110,   111,   112,    -1,    -1,    12,    -1,    14,
      15,    16,    17,    18,    -1,    -1,    21,    22,    23,    24,
      25,    -1,    27,    28,    29,    30,    31,    32,    -1,    -1,
      -1,    -1,    -1,    38,    39,    -1,    -1,    -1,    -1,    -1,
      61,    62,    63,    64,    -1,    -1,    -1,    -1,    53,    -1,
      -1,    56,    57,    58,    59,    60,    -1,    -1,    -1,    -1,
      65,    66,    67,    68,    69,    70,    71,    88,    89,    90,
      91,    92,    93,    94,    95,    96,    81,    -1,    -1,    -1,
     101,    -1,    -1,   104,   105,   106,   107,    -1,    -1,    -1,
      -1,    -1,    97,    98,    -1,   100,    -1,   102,   103,     1,
      -1,    -1,    -1,    -1,   109,   110,   111,   112,    -1,    -1,
      12,    -1,    14,    15,    16,    17,    18,    -1,    -1,    21,
      22,    23,    24,    25,    -1,    27,    28,    29,    30,    31,
      32,    -1,    -1,    -1,    -1,    -1,    38,    39,    -1,    -1,
      -1,    -1,    61,    62,    63,    64,    -1,    -1,    -1,    -1,
      -1,    53,    -1,    -1,    56,    57,    58,    59,    60,    -1,
      -1,    -1,    -1,    65,    66,    67,    68,    69,    70,    71,
      89,    90,    91,    92,    93,    94,    95,    96,    -1,    81,
      -1,    -1,   101,    -1,    -1,   104,   105,   106,   107,    -1,
      -1,    -1,    -1,    -1,    -1,    97,    98,    -1,   100,    -1,
     102,   103,    -1,    -1,    -1,    -1,   108,   109,    -1,   111,
     112,    10,    -1,    12,    -1,    14,    15,    16,    17,    18,
      -1,    -1,    21,    22,    23,    24,    25,    26,    27,    28,
      29,    30,    31,    32,    -1,    -1,    -1,    -1,    -1,    38,
      39,    -1,    -1,    -1,    61,    62,    63,    64,    -1,    -1,
      -1,    -1,    -1,    -1,    53,    -1,    -1,    56,    57,    58,
      59,    60,    -1,    -1,    -1,    -1,    65,    66,    67,    68,
      69,    70,    71,    90,    91,    92,    93,    94,    95,    96,
      -1,    -1,    81,    -1,   101,    -1,    -1,   104,   105,   106,
     107,    -1,    -1,    -1,    -1,    -1,    -1,    -1,    97,    98,
      -1,   100,    -1,   102,   103,    -1,    -1,    -1,    -1,    -1,
     109,    -1,   111,   112,    10,    -1,    12,    -1,    14,    15,
      16,    17,    18,    -1,    -1,    21,    22,    23,    24,    25,
      -1,    27,    28,    29,    30,    31,    32,    -1,    -1,    -1,
      -1,    -1,    38,    39,    -1,    -1,    61,    62,    63,    64,
      -1,    -1,    -1,    61,    62,    63,    64,    53,    -1,    -1,
      56,    57,    58,    59,    60,    -1,    -1,    -1,    -1,    65,
      66,    67,    68,    69,    70,    71,    91,    92,    93,    94,
      95,    96,    -1,    -1,    -1,    81,   101,    95,    96,   104,
     105,   106,   107,   101,    -1,    -1,   104,   105,   106,   107,
      -1,    97,    98,    -1,   100,    -1,   102,   103,    -1,    -1,
      -1,    -1,    -1,   109,    -1,   111,   112,    10,    -1,    12,
      -1,    14,    15,    16,    17,    18,    -1,    -1,    21,    22,
      23,    24,    25,    -1,    27,    28,    29,    30,    31,    32,
      -1,    -1,    -1,    -1,    -1,    38,    39,    42,    43,    44,
      45,    -1,    -1,    -1,    49,    -1,    51,    -1,    -1,    -1,
      53,    -1,    -1,    56,    57,    58,    59,    60,    -1,    -1,
      -1,    -1,    65,    66,    67,    68,    69,    70,    71,    -1,
      -1,    -1,    -1,    78,    79,    80,    -1,    -1,    81,    -1,
      -1,    -1,    -1,    -1,    -1,    -1,    -1,    -1,    -1,    -1,
      -1,    -1,    -1,    -1,    97,    98,    -1,   100,    -1,   102,
     103,    -1,    -1,    -1,    -1,    -1,   109,    -1,   111,   112,
      12,    13,    14,    15,    16,    17,    18,    -1,    -1,    21,
      22,    23,    24,    25,    -1,    27,    28,    29,    30,    31,
      32,    -1,    -1,    -1,    -1,    -1,    38,    39,    -1,    -1,
      -1,    -1,    -1,    -1,    -1,    -1,    -1,    -1,    -1,    -1,
      -1,    53,    -1,    -1,    56,    57,    58,    59,    60,    -1,
      -1,    -1,    -1,    65,    66,    67,    68,    69,    70,    71,
      -1,    -1,    -1,    -1,    -1,    -1,    -1,    -1,    -1,    81,
      -1,    -1,    -1,    -1,    -1,    -1,    -1,    -1,    -1,    -1,
      -1,    -1,    -1,    -1,    -1,    97,    98,    -1,   100,    -1,
     102,   103,    -1,    -1,    -1,    -1,    -1,   109,    -1,   111,
     112,    12,    -1,    14,    15,    16,    17,    18,    -1,    -1,
      21,    22,    23,    24,    25,    -1,    27,    28,    29,    30,
      31,    32,    -1,    -1,    -1,    -1,    -1,    38,    39,    -1,
      -1,    -1,    -1,    -1,    -1,    -1,    -1,    -1,    -1,    -1,
      -1,    -1,    53,    -1,    -1,    56,    57,    58,    59,    60,
      -1,    -1,    -1,    -1,    65,    66,    67,    68,    69,    70,
      71,    -1,    -1,    -1,    -1,    -1,    -1,    -1,    -1,    -1,
      81,    -1,    -1,    -1,    -1,    -1,    -1,    -1,    -1,    -1,
      -1,    -1,    -1,    -1,    -1,    -1,    97,    98,    -1,   100,
      -1,   102,   103,    -1,    -1,    -1,    -1,    -1,   109,   110,
     111,   112,    12,    -1,    14,    15,    16,    17,    18,    -1,
      -1,    21,    22,    23,    24,    25,    -1,    27,    28,    29,
      30,    31,    32,    -1,    -1,    -1,    -1,    -1,    38,    39,
      -1,    -1,    -1,    -1,    -1,    -1,    -1,    -1,    -1,    -1,
      -1,    -1,    -1,    53,    -1,    -1,    56,    57,    58,    59,
      60,    -1,    -1,    -1,    -1,    65,    66,    67,    68,    69,
      70,    71,    -1,    -1,    -1,    -1,    -1,    -1,    -1,    -1,
      -1,    81,    -1,    -1,    -1,    -1,    -1,    -1,    -1,    -1,
      -1,    -1,    -1,    -1,    -1,    -1,    -1,    97,    98,    -1,
     100,    -1,   102,   103,    -1,    -1,    -1,    -1,   108,   109,
      -1,   111,   112,    12,    -1,    14,    15,    16,    17,    18,
      -1,    -1,    21,    22,    23,    24,    25,    -1,    27,    28,
      29,    30,    31,    32,    -1,    -1,    -1,    -1,    -1,    38,
      39,    -1,    -1,    -1,    -1,    -1,    -1,    -1,    -1,    -1,
      -1,    -1,    -1,    -1,    53,    -1,    -1,    56,    57,    58,
      59,    60,    -1,    -1,    -1,    -1,    65,    66,    67,    68,
      69,    70,    71,    -1,    -1,    -1,    -1,    -1,    -1,    -1,
      -1,    -1,    81,    -1,    -1,    -1,    -1,    -1,    -1,    -1,
      -1,    -1,    -1,    -1,    -1,    -1,    -1,    -1,    97,    98,
      -1,   100,    -1,   102,   103,    -1,    -1,    -1,    -1,   108,
     109,    -1,   111,   112,    12,    -1,    14,    15,    16,    17,
      18,    -1,    -1,    21,    22,    23,    24,    25,    -1,    27,
      28,    29,    30,    31,    32,    -1,    -1,    -1,    -1,    -1,
      38,    39,    -1,    -1,    -1,    -1,    -1,    -1,    -1,    -1,
      -1,    -1,    -1,    -1,    -1,    53,    -1,    -1,    56,    57,
      58,    59,    60,    -1,    -1,    -1,    -1,    65,    66,    67,
      68,    69,    70,    71,    -1,    -1,    -1,    -1,    -1,    -1,
      -1,    -1,    -1,    81,    -1,    -1,    -1,    -1,    -1,    -1,
      -1,    -1,    -1,    -1,    -1,    -1,    -1,    -1,    -1,    97,
      98,    -1,   100,    -1,   102,   103,    -1,    -1,    -1,    -1,
     108,   109,    -1,   111,   112,    12,    -1,    14,    15,    16,
      17,    18,    -1,    -1,    21,    22,    23,    24,    25,    -1,
      27,    28,    29,    30,    31,    32,    -1,    -1,    -1,    -1,
      -1,    38,    39,    -1,    -1,    -1,    -1,    -1,    -1,    -1,
      -1,    -1,    -1,    -1,    -1,    -1,    53,    -1,    -1,    56,
      57,    58,    59,    60,    -1,    -1,    -1,    -1,    65,    66,
      67,    68,    69,    70,    71,    -1,    -1,    -1,    -1,    -1,
      -1,    -1,    -1,    -1,    81,    -1,    -1,    -1,    -1,    -1,
      -1,    -1,    -1,    -1,    -1,    -1,    -1,    -1,    -1,    -1,
      97,    98,    -1,   100,    -1,   102,   103,    -1,    -1,    -1,
      -1,   108,   109,    -1,   111,   112,    12,    -1,    14,    15,
      16,    17,    18,    -1,    -1,    21,    22,    23,    24,    25,
      -1,    27,    28,    29,    30,    31,    32,    -1,    -1,    -1,
      -1,    -1,    38,    39,    -1,    -1,    -1,    -1,    -1,    -1,
      -1,    -1,    -1,    -1,    -1,    -1,    -1,    53,    -1,    -1,
      56,    57,    58,    59,    60,    -1,    -1,    -1,    -1,    65,
      66,    67,    68,    69,    70,    71,    -1,    -1,    -1,    -1,
      -1,    -1,    -1,    -1,    -1,    81,    -1,    -1,    -1,    -1,
      -1,    -1,    -1,    -1,    -1,    -1,    -1,    -1,    -1,    -1,
      -1,    97,    98,    -1,   100,    -1,   102,   103,    -1,    -1,
      -1,    -1,   108,   109,    -1,   111,   112,    12,    -1,    14,
      15,    16,    17,    18,    -1,    -1,    21,    22,    23,    24,
      25,    -1,    27,    28,    29,    30,    31,    32,    -1,    -1,
      -1,    -1,    -1,    38,    39,    -1,    -1,    -1,    -1,    -1,
      -1,    -1,    -1,    -1,    -1,    -1,    -1,    -1,    53,    -1,
      -1,    56,    57,    58,    59,    60,    -1,    -1,    -1,    -1,
      65,    66,    67,    68,    69,    70,    71,    -1,    -1,    -1,
      -1,    -1,    -1,    -1,    -1,    -1,    81,    -1,    -1,    -1,
      -1,    -1,    -1,    -1,    -1,    -1,    -1,    -1,    -1,    -1,
      -1,    -1,    97,    98,    -1,   100,    -1,   102,   103,    -1,
      -1,    -1,    -1,   108,   109,    -1,   111,   112,    12,    -1,
      14,    15,    16,    17,    18,    -1,    -1,    21,    22,    23,
      24,    25,    -1,    27,    28,    29,    30,    31,    32,    -1,
      -1,    -1,    -1,    -1,    38,    39,    -1,    -1,    -1,    -1,
      -1,    -1,    -1,    -1,    -1,    -1,    -1,    -1,    -1,    53,
      -1,    -1,    56,    57,    58,    59,    60,    -1,    -1,    -1,
      -1,    65,    66,    67,    68,    69,    70,    71,    -1,    -1,
      -1,    -1,    -1,    -1,    -1,    -1,    -1,    81,    -1,    -1,
      -1,    -1,    -1,    -1,    -1,    -1,    -1,    -1,    -1,    -1,
      -1,    -1,    -1,    97,    98,    -1,   100,    -1,   102,   103,
      -1,    -1,    -1,    -1,   108,   109,    -1,   111,   112,    12,
      -1,    14,    15,    16,    17,    18,    -1,    -1,    21,    22,
      23,    24,    25,    -1,    27,    28,    29,    30,    31,    32,
      -1,    -1,    -1,    -1,    -1,    38,    39,    -1,    -1,    -1,
      -1,    -1,    -1,    -1,    -1,    -1,    -1,    -1,    -1,    -1,
      53,    -1,    -1,    56,    57,    58,    59,    60,    -1,    -1,
      -1,    -1,    65,    66,    67,    68,    69,    70,    71,    -1,
      -1,    -1,    -1,    -1,    -1,    -1,    -1,    -1,    81,    -1,
      -1,    -1,    -1,    -1,    -1,    -1,    -1,    -1,    -1,    -1,
      -1,    -1,    -1,    -1,    97,    98,    -1,   100,    -1,   102,
     103,    -1,    -1,    -1,    -1,    -1,   109,    -1,   111,   112,
      12,    -1,    14,    15,    16,    17,    18,    -1,    -1,    21,
      22,    23,    24,    25,    -1,    27,    28,    29,    30,    31,
      32,    -1,    -1,    -1,    -1,    -1,    38,    39,    -1,    -1,
      -1,    -1,    -1,    -1,    -1,    -1,    -1,    -1,    -1,    -1,
      -1,    53,    -1,    -1,    56,    57,    58,    59,    60,    -1,
      -1,    -1,    -1,    65,    66,    67,    68,    69,    70,    71,
      -1,    -1,    -1,    -1,    -1,    -1,    -1,    -1,    -1,    81,
      -1,    -1,    54,    -1,    -1,    -1,    -1,    -1,    -1,    61,
      62,    63,    64,    -1,    -1,    97,    98,    -1,   100,    -1,
     102,   103,    -1,    -1,    -1,    -1,    -1,   109,    -1,   111,
     112,    83,    84,    85,    86,    87,    88,    89,    90,    91,
      92,    93,    94,    95,    96,    -1,    -1,    -1,    -1,   101,
      54,    -1,   104,   105,   106,   107,    -1,    61,    62,    63,
      64,    -1,    -1,    -1,    -1,    -1,    -1,    -1,    -1,    -1,
      -1,    -1,    -1,    -1,    -1,    -1,    -1,    -1,    -1,    83,
      84,    -1,    86,    87,    88,    89,    90,    91,    92,    93,
      94,    95,    96,    -1,    -1,    -1,    -1,   101,    54,    -1,
     104,   105,   106,   107,    -1,    61,    62,    63,    64,    -1,
      -1,    -1,    -1,    -1,    -1,    -1,    -1,    -1,    -1,    -1,
      -1,    -1,    -1,    -1,    -1,    -1,    -1,    -1,    84,    -1,
      86,    87,    88,    89,    90,    91,    92,    93,    94,    95,
      96,    -1,    -1,    -1,    -1,   101,    54,    -1,   104,   105,
     106,   107,    -1,    61,    62,    63,    64,    -1,    -1,    -1,
      -1,    -1,    -1,    -1,    -1,    -1,    -1,    -1,    -1,    -1,
      -1,    -1,    -1,    -1,    -1,    -1,    -1,    -1,    86,    87,
      88,    89,    90,    91,    92,    93,    94,    95,    96,    -1,
      -1,    -1,    -1,   101,    -1,    -1,   104,   105,   106,   107
};

  /* YYSTOS[STATE-NUM] -- The (internal number of the) accessing
     symbol of state STATE-NUM.  */
static const yytype_uint8 yystos[] =
{
       0,     3,     4,     5,     6,     7,     8,     9,   115,   116,
     117,   118,   119,   120,   121,   122,     0,   125,    12,    14,
      15,    16,    17,    18,    21,    22,    23,    24,    25,    27,
      28,    29,    30,    31,    32,    38,    39,    53,    56,    57,
      58,    59,    60,    65,    66,    67,    68,    69,    70,    71,
      81,    97,    98,   100,   102,   103,   109,   111,   112,   175,
     176,   177,   180,   181,   182,   183,   184,   185,   186,   187,
     188,   189,   191,   194,   200,   201,   202,   203,   204,   205,
     206,   207,   208,    10,   123,     1,    33,    35,    36,    37,
      40,    41,    42,    43,    44,    45,    49,    50,    51,    52,
      55,   110,   123,   132,   142,   175,    34,   130,   131,   132,
     128,   169,   170,   128,    13,   175,   189,   189,    21,    26,
     123,   201,   209,   209,   209,   209,   209,   190,    12,   109,
     189,   153,   153,   153,   189,   109,   109,    75,   109,   123,
     189,    21,   176,   193,   201,   209,   209,   123,   189,   110,
     175,    21,    26,   155,   189,   100,   109,   192,   201,   202,
     203,   189,   176,   189,   189,   189,   189,   189,   108,   175,
     209,   209,    78,    79,    80,    82,    10,    12,   109,    93,
      94,    93,    91,    92,    91,    54,    61,    62,    63,    64,
      83,    84,    86,    87,    88,    89,    90,    91,    92,    93,
      94,    95,    96,   101,   104,   105,   106,   107,   109,    10,
      12,    10,    12,    10,    12,    10,   125,   154,   155,   155,
      21,   152,   109,   109,   109,   109,    70,   100,   109,   199,
     201,   109,   109,   123,   110,    48,   144,   110,    42,    43,
      44,    45,    49,    51,   131,   132,   130,    16,    17,   111,
     160,   161,   163,   164,   165,   166,    13,   193,   109,    75,
     175,   108,   123,    24,   156,    72,   157,   108,   108,   175,
     194,   194,   209,   176,    11,   110,   193,   109,   189,   192,
     201,   202,   203,   108,   175,    72,   158,    12,   108,   175,
     175,   175,   189,   175,   175,   108,   175,   189,   189,   189,
     189,   189,   189,   189,   189,   189,   189,   189,   189,   189,
     189,   189,   189,   189,   189,   189,   189,   189,    10,    12,
      16,    17,    18,    22,    65,   109,   111,   112,   179,   201,
     108,   175,   175,   175,   175,   175,   175,   175,   175,   128,
      21,   151,   152,   152,    21,   135,   125,   125,   125,   125,
     100,   125,    70,   197,   198,   200,   201,   202,   203,   125,
     125,   109,   125,   125,   123,   175,   148,   175,   175,   175,
     175,   175,    26,   159,   159,    82,   194,   176,    13,   178,
     157,    24,   125,   174,   108,    76,   108,   175,    11,   108,
     175,   158,   108,    24,   175,    12,   110,    13,   108,    85,
     175,   175,   112,   112,   112,   112,   108,   175,   112,   112,
     109,   108,   110,    13,   110,    13,   110,    13,   110,    11,
      19,   124,   133,   134,    10,   110,    21,   147,   175,   148,
     149,   175,   149,   196,   201,   109,   142,   146,   149,   150,
     175,   197,   125,   149,   149,    83,   162,   162,   164,   108,
     113,   195,   193,   125,   172,   109,   167,   168,   108,   108,
      13,   175,    11,   189,   110,    13,   108,   194,    11,    11,
      11,    11,   125,   156,   157,   125,    21,   108,   108,   108,
     108,   109,   125,   108,   110,   138,   149,   108,   108,   189,
     175,    76,    10,   169,    10,    13,    11,   108,   110,   157,
     110,   173,   174,   139,   193,   145,   145,    10,   126,   126,
     149,   149,   126,   136,   109,   108,   126,   126,   128,   108,
     128,    74,   110,   171,   172,   128,   110,   126,   126,   127,
      46,    47,   143,   143,   108,   108,   144,   147,   149,   126,
      11,    11,   129,    11,   144,   144,   128,   126,   109,   126,
     126,   110,   108,   144,    24,   110,   140,    11,   149,   144,
     144,   137,   126,    73,   141,    20,   108,   145,   144,   128,
     126,   150,    74,   143,   108,   126
};

  /* YYR1[YYN] -- Symbol number of symbol that rule YYN derives.  */
static const yytype_uint8 yyr1[] =
{
       0,   114,   116,   115,   117,   115,   118,   115,   119,   115,
     120,   115,   121,   115,   122,   115,   123,   124,   125,   126,
     127,   128,   128,   129,   129,   130,   130,   131,   131,   132,
     132,   133,   132,   134,   132,   132,   135,   132,   132,   132,
     132,   132,   132,   132,   132,   136,   137,   132,   132,   132,
     138,   132,   132,   132,   132,   139,   132,   132,   132,   132,
     140,   141,   141,   142,   142,   142,   142,   142,   142,   142,
     142,   143,   143,   143,   144,   144,   145,   146,   146,   147,
     147,   148,   149,   150,   151,   151,   152,   153,   154,   155,
     155,   156,   156,   157,   157,   157,   158,   158,   159,   159,
     160,   160,   161,   162,   162,   162,   163,   164,   164,   165,
     165,   165,   166,   166,   167,   167,   168,   170,   169,   171,
     171,   172,   173,   173,   174,   175,   175,   175,   175,   176,
     176,   176,   177,   177,   177,   177,   177,   177,   177,   177,
     177,   178,   177,   179,   179,   180,   180,   180,   180,   180,
     180,   180,   180,   180,   180,   180,   180,   180,   180,   181,
     181,   181,   181,   181,   181,   181,   181,   181,   181,   181,
     181,   181,   181,   181,   181,   182,   182,   182,   182,   183,
     183,   184,   184,   184,   184,   185,   185,   186,   186,   186,
     186,   186,   186,   186,   186,   186,   187,   187,   187,   187,
     187,   187,   188,   188,   189,   189,   189,   189,   189,   189,
     189,   189,   189,   189,   189,   189,   189,   189,   189,   189,
     189,   189,   189,   189,   189,   189,   189,   189,   189,   189,
     189,   189,   189,   189,   189,   189,   189,   189,   189,   189,
     189,   189,   189,   189,   189,   189,   189,   189,   189,   189,
     189,   189,   189,   190,   189,   189,   189,   189,   191,   191,
     191,   192,   192,   192,   192,   192,   193,   193,   194,   194,
     195,   195,   196,   197,   197,   197,   198,   198,   199,   199,
     200,   201,   202,   203,   204,   204,   205,   206,   206,   207,
     207,   208,   208,   209,   209,   209,   209
};

  /* YYR2[YYN] -- Number of symbols on the right hand side of rule YYN.  */
static const yytype_uint8 yyr2[] =
{
       0,     2,     0,     4,     0,     3,     0,     3,     0,     3,
       0,     3,     0,     3,     0,     3,     4,     7,     0,     4,
       0,     0,     2,     0,     2,     1,     1,     2,     2,     1,
       4,     0,     7,     0,     6,     4,     0,     7,     7,     7,
       6,     6,     2,     8,     8,     0,     0,    13,     9,     8,
       0,    10,     9,     7,     2,     0,     8,     2,     2,     1,
       2,     0,     3,     1,     1,     3,     3,     3,     3,     3,
       3,     0,     2,     6,     0,     2,     0,     0,     1,     0,
       1,     1,     1,     1,     1,     0,     0,     0,     0,     1,
       1,     0,     1,     0,     2,     1,     2,     1,     0,     1,
       1,     1,     3,     0,     1,     2,     3,     1,     1,     2,
       3,     1,     0,     1,     0,     1,     3,     0,     2,     1,
       1,     4,     1,     1,     5,     3,     3,     3,     1,     2,
       3,     1,     3,     5,     6,     3,     3,     5,     2,     4,
       4,     0,     5,     1,     1,     5,     4,     5,     4,     5,
       6,     5,     4,     5,     4,     3,     6,     4,     5,     3,
       3,     3,     3,     3,     3,     3,     1,     1,     3,     3,
       3,     3,     3,     3,     3,     1,     3,     2,     2,     3,
       3,     1,     3,     2,     2,     3,     3,     2,     2,     2,
       2,     2,     2,     2,     2,     2,     3,     2,     4,     3,
       5,     4,     2,     2,     1,     1,     1,     1,     5,     2,
       3,     1,     2,     3,     1,     2,     1,     1,     1,     1,
       1,     1,     4,     4,     5,     5,     1,     1,     3,     4,
       3,     4,     4,     4,     4,     4,     1,     2,     2,     1,
       2,     2,     1,     2,     1,     2,     1,     3,     1,     3,
       1,     3,     4,     0,     6,     1,     1,     1,     3,     2,
       4,     3,     2,     1,     1,     1,     0,     1,     0,     1,
       0,     2,     1,     1,     1,     1,     1,     1,     2,     2,
       2,     2,     2,     2,     2,     4,     2,     1,     3,     1,
       3,     1,     3,     1,     1,     1,     1
};

typedef enum {
	toketype_ival, toketype_opval
} toketypes;

/* type of each token/terminal */
static const toketypes yy_type_tab[] =
{
  toketype_ival, toketype_ival, toketype_ival, toketype_ival, toketype_ival, toketype_ival,
  toketype_ival, toketype_ival, toketype_ival, toketype_ival, toketype_ival,
  toketype_ival, toketype_ival, toketype_ival, toketype_ival, toketype_ival, toketype_ival, toketype_ival, toketype_ival, toketype_ival, toketype_ival,
  toketype_opval, toketype_opval, toketype_opval, toketype_opval, toketype_opval, toketype_opval,
  toketype_opval, toketype_opval, toketype_opval, toketype_opval, toketype_opval, toketype_opval,
  toketype_opval, toketype_opval, toketype_ival, toketype_ival, toketype_ival, toketype_ival, toketype_ival,
  toketype_ival, toketype_ival, toketype_ival, toketype_ival, toketype_ival, toketype_ival, toketype_ival, toketype_ival,
  toketype_ival, toketype_ival, toketype_ival, toketype_ival, toketype_ival, toketype_ival, toketype_ival,
  toketype_ival, toketype_ival, toketype_ival, toketype_ival, toketype_ival, toketype_ival, toketype_ival,
  toketype_ival, toketype_ival, toketype_ival, toketype_ival, toketype_ival, toketype_ival, toketype_ival,
  toketype_ival, toketype_ival, toketype_ival, toketype_ival, toketype_ival, toketype_ival,
  toketype_ival, toketype_ival, toketype_ival, toketype_ival, toketype_ival, toketype_ival,
  toketype_ival, toketype_ival, toketype_ival, toketype_ival, toketype_ival, toketype_ival, toketype_ival, toketype_ival,
  toketype_ival, toketype_ival, toketype_ival, toketype_ival, toketype_ival, toketype_ival,
  toketype_ival, toketype_ival, toketype_ival, toketype_ival, toketype_ival, toketype_ival, toketype_ival,
  toketype_ival, toketype_ival, toketype_ival, toketype_ival, toketype_ival, toketype_ival, toketype_ival,
  toketype_ival, toketype_ival, toketype_ival, toketype_ival, toketype_ival, toketype_ival, toketype_ival, toketype_ival, toketype_ival,
  toketype_ival, toketype_ival, toketype_ival, toketype_ival, toketype_ival, toketype_opval, toketype_opval, toketype_ival, toketype_opval,
  toketype_ival, toketype_opval, toketype_opval, toketype_opval, toketype_opval,
  toketype_opval, toketype_ival, toketype_ival, toketype_ival, toketype_ival, toketype_ival, toketype_ival, toketype_ival,
  toketype_opval, toketype_opval, toketype_opval, toketype_opval, toketype_opval, toketype_ival, toketype_opval,
  toketype_opval, toketype_opval, toketype_opval, toketype_opval, toketype_opval, toketype_ival,
  toketype_ival, toketype_ival, toketype_opval, toketype_opval, toketype_opval,
  toketype_opval, toketype_opval, toketype_ival, toketype_opval,
  toketype_opval, toketype_opval, toketype_opval, toketype_opval, toketype_opval,
  toketype_opval, toketype_opval, toketype_opval, toketype_ival, toketype_opval,
  toketype_opval, toketype_opval, toketype_opval, toketype_opval, toketype_opval, toketype_opval,
  toketype_ival, toketype_opval, toketype_opval, toketype_opval, toketype_opval, toketype_opval,
  toketype_opval, toketype_opval, toketype_opval, toketype_opval, toketype_opval, toketype_opval,
  toketype_ival, toketype_opval, toketype_opval, toketype_opval, toketype_opval, toketype_opval,
  toketype_opval, toketype_opval, toketype_opval, toketype_ival, toketype_opval, toketype_opval,
  toketype_opval, toketype_opval, toketype_opval, toketype_opval, toketype_opval, toketype_opval, toketype_opval, toketype_opval
};

/* Generated from:
 * b05dad8a6c47a4c9b84ecca144ee0c13a5823b93beb89f503386ce74e5bb8051 perly.y
 * 0947213b55d0ed11693554bea04987e886cf285f5c14cf9075fa1e7acc3f4061 regen_perly.pl
 * ex: set ro: */
